-5 -5083.08
-4.99 -6575.09
-4.98 -5995.9
-4.97 -2247.58
-4.96 -2018.29
-4.95 -4909.43
-4.94 -4400.1
-4.93 -8355.59
-4.92 -7027.34
-4.91 -5630.76
-4.9 -1639.99
-4.89 -1096.94
-4.88 -6134.7
-4.87 -2815.91
-4.86 -2503.05
-4.85 -1515.6
-4.84 -3385.01
-4.83 -5314.69
-4.82 -6637.31
-4.81 -2053.44
-4.8 -5788.24
-4.79 -2048
-4.78 -3731.68
-4.77 -2492.71
-4.76 -3044.02
-4.75 -1587.54
-4.74 -1980.19
-4.73 -3981.29
-4.72 -1679.77
-4.71 -4588.1
-4.7 -6347.38
-4.69 -1820.58
-4.68 -5663.28
-4.67 -2364.11
-4.66 -6498.54
-4.65 -8384.14
-4.64 -3247.93
-4.63 -6367.66
-4.62 -10191.5
-4.61 -1137.92
-4.6 -5891.48
-4.59 -2338.06
-4.58 -4761.8
-4.57 -6211.2
-4.56 -6365.27
-4.55 -5295.36
-4.54 -3641.84
-4.53 -2376.33
-4.52 -2556.32
-4.51 -2343.32
-4.5 -1167.84
-4.49 -1165.03
-4.48 -7029.48
-4.47 -3974.7
-4.46 -7583
-4.45 -3955.18
-4.44 -3882.34
-4.43 -5601.99
-4.42 -4416.59
-4.41 -3671.48
-4.4 -6173.58
-4.39 -4583.41
-4.38 -856.489
-4.37 -1722.5
-4.36 -518.765
-4.35 -2864.8
-4.34 -604.856
-4.33 -3570.5
-4.32 -3195.77
-4.31 -3379.06
-4.3 -2397.3
-4.29 -1218.89
-4.28 -556.833
-4.27 -2645.89
-4.26 -6949.49
-4.25 -2111.93
-4.24 -2403.31
-4.23 -1519.25
-4.22 -746.118
-4.21 -8881.72
-4.2 -1671.55
-4.19 -595.357
-4.18 -5689.06
-4.17 -2767.65
-4.16 -2563.03
-4.15 -742.686
-4.14 -1733.5
-4.13 -285.393
-4.12 -2308.29
-4.11 -896.188
-4.1 -185.223
-4.09 -622.613
-4.08 -611.801
-4.07 -336.204
-4.06 -885.35
-4.05 -3980.43
-4.04 -2632.34
-4.03 -869.211
-4.02 -1060.32
-4.01 -677.88
-4 -1742.08
-3.99 -773.176
-3.98 -280.592
-3.97 -1697
-3.96 -2016.04
-3.95 -1911.79
-3.94 -1130.73
-3.93 -1147.23
-3.92 -955.801
-3.91 -507.759
-3.9 -518.04
-3.89 -1557.6
-3.88 -3402.24
-3.87 -672.361
-3.86 -798.113
-3.85 -436.797
-3.84 -116.899
-3.83 -1939.45
-3.82 -961.209
-3.81 -690.484
-3.8 -795.805
-3.79 -102.244
-3.78 -224.248
-3.77 -1443.06
-3.76 -168.938
-3.75 -1698.1
-3.74 -318.068
-3.73 -620.636
-3.72 -207.482
-3.71 -225.222
-3.7 -453.848
-3.69 -1798.36
-3.68 -1479.1
-3.67 -197.106
-3.66 -186.321
-3.65 -297.834
-3.64 -510.234
-3.63 -190.863
-3.62 -543.26
-3.61 -503.502
-3.6 -602.51
-3.59 -1559.49
-3.58 -1285.26
-3.57 -678.976
-3.56 -368.387
-3.55 -642.576
-3.54 -311.726
-3.53 -849.938
-3.52 -3501.5
-3.51 -193.633
-3.5 -313.948
-3.49 -853.614
-3.48 -1144.47
-3.47 -254.058
-3.46 -642.659
-3.45 -241.848
-3.44 18.632
-3.43 -124.315
-3.42 -263.049
-3.41 -528.976
-3.4 -1033.3
-3.39 -709.821
-3.38 -2189.44
-3.37 -185.974
-3.36 -363.47
-3.35 -189.94
-3.34 -13.5009
-3.33 -201.939
-3.32 -153.014
-3.31 -155.177
-3.3 -457.367
-3.29 -499.548
-3.28 -1095.71
-3.27 -54.2522
-3.26 -679.61
-3.25 -837.464
-3.24 -335.157
-3.23 -362.579
-3.22 -49.4655
-3.21 -1161.95
-3.2 -685.881
-3.19 -47.0751
-3.18 -1852.65
-3.17 -812.645
-3.16 -165.515
-3.15 -613.374
-3.14 -69.1165
-3.13 -220.054
-3.12 -102.498
-3.11 -170.501
-3.1 -44.2516
-3.09 -1235.16
-3.08 -25.9373
-3.07 -113.244
-3.06 -120.704
-3.05 -301.292
-3.04 -661.24
-3.03 -28.145
-3.02 -399.951
-3.01 -466.691
-3 -180.4
-2.99 -479.245
-2.98 -1219.05
-2.97 -225.891
-2.96 -81.0702
-2.95 -61.5489
-2.94 -54.8153
-2.93 -41.3415
-2.92 -31.1744
-2.91 -87.4951
-2.9 -595.199
-2.89 -271.344
-2.88 -110.137
-2.87 -450.967
-2.86 -539.048
-2.85 -213.141
-2.84 -258.349
-2.83 -146.898
-2.82 -31.5754
-2.81 -136.636
-2.8 -32.5408
-2.79 16.013
-2.78 -2.46832
-2.77 -160.584
-2.76 2.10048
-2.75 -28.0675
-2.74 -212.544
-2.73 18.1416
-2.72 -29.6355
-2.71 10.1886
-2.7 -153.341
-2.69 -170.152
-2.68 -841.918
-2.67 -10.2938
-2.66 -157.851
-2.65 -530.739
-2.64 17.8731
-2.63 -158.182
-2.62 -68.9039
-2.61 -14.9267
-2.6 -110.271
-2.59 -31.7158
-2.58 -74.2994
-2.57 -327.296
-2.56 -32.9918
-2.55 -127.811
-2.54 14.343
-2.53 -5.41203
-2.52 -266.998
-2.51 -727.107
-2.5 -2.75883
-2.49 -278.166
-2.48 -13.9761
-2.47 -43.942
-2.46 3.30102
-2.45 -93.8445
-2.44 17.021
-2.43 19.6715
-2.42 7.08968
-2.41 18.4317
-2.4 -12.0201
-2.39 -11.0456
-2.38 10.4204
-2.37 18.366
-2.36 -53.3555
-2.35 -164.062
-2.34 -5.21959
-2.33 -55.6328
-2.32 -10.6907
-2.31 -24.2867
-2.3 19.0078
-2.29 13.1393
-2.28 -13.9408
-2.27 17.6429
-2.26 18.3646
-2.25 -64.3486
-2.24 17.4803
-2.23 7.86989
-2.22 -15.8503
-2.21 -45.7786
-2.2 12.2359
-2.19 13.3828
-2.18 13.4434
-2.17 17.349
-2.16 19.4033
-2.15 0.971454
-2.14 1.92864
-2.13 -4.19874
-2.12 12.9313
-2.11 -87.7675
-2.1 16.7849
-2.09 -36.6423
-2.08 18.4567
-2.07 16.6975
-2.06 16.2581
-2.05 13.73
-2.04 16.1626
-2.03 17.1245
-2.02 17.7532
-2.01 -82.3092
-2 16.748
-1.99 7.24223
-1.98 13.6332
-1.97 15.4527
-1.96 -17.19
-1.95 17.6161
-1.94 1.41202
-1.93 -99.8498
-1.92 10.0941
-1.91 -41.6775
-1.9 16.4744
-1.89 17.6432
-1.88 16.9802
-1.87 19.0633
-1.86 12.2009
-1.85 6.58845
-1.84 13.2289
-1.83 18.3883
-1.82 13.8286
-1.81 13.3394
-1.8 16.7471
-1.79 14.0988
-1.78 16.4823
-1.77 7.32144
-1.76 16.9134
-1.75 17.3454
-1.74 10.5117
-1.73 12.0645
-1.72 12.487
-1.71 18.942
-1.7 18.6304
-1.69 14.7648
-1.68 19.3712
-1.67 -3.48158
-1.66 9.158
-1.65 19.0172
-1.64 18.7293
-1.63 12.4314
-1.62 13.2717
-1.61 9.0339
-1.6 17.6107
-1.59 13.5102
-1.58 16.3729
-1.57 12.5133
-1.56 18.5728
-1.55 6.81219
-1.54 18.0985
-1.53 9.93205
-1.52 18.18
-1.51 16.782
-1.5 -32.6083
-1.49 12.3302
-1.48 11.5441
-1.47 -3.43102
-1.46 12.1326
-1.45 16.7902
-1.44 -11.441
-1.43 18.5026
-1.42 19.4251
-1.41 13.5512
-1.4 19.2992
-1.39 7.64193
-1.38 15.5583
-1.37 7.68248
-1.36 18.3607
-1.35 9.14793
-1.34 17.9783
-1.33 15.6707
-1.32 18.6513
-1.31 17.3259
-1.3 16.053
-1.29 12.8536
-1.28 3.71926
-1.27 5.88934
-1.26 18.5348
-1.25 7.03269
-1.24 17.1609
-1.23 17.779
-1.22 14.6372
-1.21 17.9322
-1.2 14.7509
-1.19 7.0021
-1.18 16.9882
-1.17 8.11847
-1.16 18.8855
-1.15 10.6051
-1.14 12.0213
-1.13 12.2494
-1.12 14.2808
-1.11 9.18646
-1.1 15.0863
-1.09 5.77659
-1.08 6.61279
-1.07 13.8611
-1.06 17.279
-1.05 10.1164
-1.04 8.32497
-1.03 1.45345
-1.02 6.42464
-1.01 7.91433
-1 10.4937
-0.99 16.0568
-0.98 18.1417
-0.97 14.8877
-0.96 5.7661
-0.95 18.2703
-0.94 17.6835
-0.93 5.49134
-0.92 13.4767
-0.91 4.86942
-0.9 7.34976
-0.89 7.22977
-0.88 7.48915
-0.87 15.4721
-0.86 15.8624
-0.85 16.4124
-0.84 6.04223
-0.83 7.27317
-0.82 5.47139
-0.81 6.57113
-0.8 16.3528
-0.79 6.17609
-0.78 7.6564
-0.77 6.84133
-0.76 7.66458
-0.75 7.06033
-0.74 5.61066
-0.73 8.76644
-0.72 4.6633
-0.71 4.83508
-0.7 6.21343
-0.69 -48.3606
-0.68 7.80177
-0.67 5.70096
-0.66 6.21073
-0.65 5.28414
-0.64 5.30606
-0.63 5.47642
-0.62 6.01408
-0.61 12.255
-0.6 5.2383
-0.59 7.81264
-0.58 7.75203
-0.57 4.97739
-0.56 4.97832
-0.55 4.93779
-0.54 5.66656
-0.53 7.76183
-0.52 7.86569
-0.51 5.80918
-0.5 5.62118
-0.49 5.54133
-0.48 5.26142
-0.47 10.2736
-0.46 8.37297
-0.45 5.84917
-0.44 11.2814
-0.43 4.84097
-0.42 5.41096
-0.41 5.38028
-0.4 9.87518
-0.39 6.01297
-0.38 4.507
-0.37 5.12398
-0.36 17.9598
-0.35 6.01116
-0.34 6.0637
-0.33 5.65007
-0.32 10.9902
-0.31 6.42557
-0.3 8.4812
-0.29 5.81115
-0.28 5.79877
-0.27 7.72039
-0.26 5.8411
-0.25 5.42977
-0.24 4.6126
-0.23 6.21106
-0.22 4.69902
-0.21 6.494
-0.2 11.8458
-0.19 5.94124
-0.18 12.9304
-0.17 4.81657
-0.16 4.55929
-0.15 5.52656
-0.14 5.27119
-0.13 5.51262
-0.12 6.54729
-0.11 5.24085
-0.1 6.64545
-0.09 5.16538
-0.08 5.35757
-0.07 5.24771
-0.06 6.49661
-0.05 6.31721
-0.04 23.1969
-0.03 4.63236
-0.02 5.62038
-0.01 5.81479
-6.23078e-14 6.18267
0.01 4.97291
0.02 7.31981
0.03 5.36259
0.04 5.99003
0.05 6.37395
0.06 5.20694
0.07 5.60145
0.08 10.8844
0.09 7.20338
0.1 8.48895
0.11 5.74277
0.12 5.21341
0.13 9.10617
0.14 4.90853
0.15 6.82138
0.16 4.82548
0.17 5.39793
0.18 4.69392
0.19 6.19638
0.2 6.09796
0.21 6.43827
0.22 7.38436
0.23 5.1344
0.24 9.10444
0.25 5.60881
0.26 6.74638
0.27 4.44788
0.28 4.45229
0.29 6.28259
0.3 77.8596
0.31 5.04347
0.32 5.14395
0.33 6.24877
0.34 6.60659
0.35 5.33384
0.36 5.63531
0.37 14.4304
0.38 5.60056
0.39 7.4851
0.4 6.97256
0.41 5.27521
0.42 24.9075
0.43 6.33332
0.44 6.04881
0.45 38.8451
0.46 5.46891
0.47 5.51969
0.48 16.8189
0.49 5.43625
0.5 9.07258
0.51 13.7074
0.52 5.14188
0.53 4.93294
0.54 5.76091
0.55 5.76775
0.56 4.85515
0.57 5.13734
0.58 5.31891
0.59 7.72785
0.6 13.5746
0.61 8.33968
0.62 4.96079
0.63 180.136
0.64 4.88483
0.65 5.57348
0.66 10.8136
0.67 20.0605
0.68 69.1458
0.69 10.7196
0.7 17.9007
0.71 5.91048
0.72 6.30823
0.73 5.8312
0.74 13.3567
0.75 14.7087
0.76 12.9808
0.77 5.45019
0.78 4.93367
0.79 5.03186
0.8 5.04648
0.81 90.724
0.82 6.05854
0.83 7.40081
0.84 6.2672
0.85 14.194
0.86 5.84187
0.87 10.4361
0.88 19.2685
0.89 5.37241
0.9 5.96732
0.91 6.14944
0.92 8.63471
0.93 35.3373
0.94 4.56862
0.95 8.01324
0.96 13.3893
0.97 48.3805
0.98 6.70246
0.99 12.9232
1 5.49823
1.01 5.82333
1.02 26.0292
1.03 160.266
1.04 11.0811
1.05 81.7589
1.06 66.0742
1.07 14.1926
1.08 53.6853
1.09 46.7035
1.1 29.6225
1.11 7.4562
1.12 14.0905
1.13 66.1973
1.14 51.7404
1.15 11.0961
1.16 10.4571
1.17 44.9447
1.18 51.6168
1.19 37.8552
1.2 72.3792
1.21 14.0939
1.22 29.0664
1.23 32.7987
1.24 39.4513
1.25 5.07016
1.26 5.51635
1.27 14.5063
1.28 18.5214
1.29 10.4183
1.3 95.0752
1.31 30.6663
1.32 6.24386
1.33 228.4
1.34 121.386
1.35 17.5152
1.36 43.9987
1.37 755.217
1.38 59.8748
1.39 36.8035
1.4 17.07
1.41 28.5302
1.42 14.8869
1.43 40.8219
1.44 27.0064
1.45 99.2463
1.46 126.6
1.47 44.0659
1.48 88.5261
1.49 14.2128
1.5 37.0607
1.51 56.7978
1.52 215.143
1.53 25.5366
1.54 106.38
1.55 47.5152
1.56 5.61386
1.57 318.317
1.58 12.464
1.59 41.8273
1.6 207.162
1.61 105.344
1.62 93.8925
1.63 169.22
1.64 20.3115
1.65 91.653
1.66 14.3274
1.67 32.569
1.68 13.8237
1.69 207.897
1.7 10.1645
1.71 273.779
1.72 26.7011
1.73 43.9915
1.74 80.4752
1.75 149.071
1.76 309.896
1.77 119.886
1.78 48.3174
1.79 68.167
1.8 541.173
1.81 1165.32
1.82 948.707
1.83 176.754
1.84 482.801
1.85 28.5838
1.86 163.924
1.87 288.862
1.88 577.823
1.89 70.3505
1.9 158.604
1.91 31.5066
1.92 548.802
1.93 8.86337
1.94 40.5729
1.95 22.4695
1.96 162.795
1.97 24.2777
1.98 105.338
1.99 289.706
2 654.589
2.01 178.488
2.02 750.353
2.03 350.72
2.04 203.296
2.05 175.778
2.06 399.987
2.07 117.57
2.08 985.725
2.09 288.29
2.1 16.1044
2.11 362.239
2.12 317.129
2.13 9.96242
2.14 78.6311
2.15 626.988
2.16 191.01
2.17 100.022
2.18 388.408
2.19 35.5488
2.2 117.069
2.21 103.593
2.22 135.334
2.23 119.306
2.24 335.929
2.25 1001.14
2.26 123.256
2.27 356.163
2.28 213.584
2.29 181.42
2.3 995.16
2.31 289.352
2.32 317.198
2.33 260.444
2.34 1809.21
2.35 319.722
2.36 618.648
2.37 947.504
2.38 958.76
2.39 762.883
2.4 127.326
2.41 25.3929
2.42 1075.89
2.43 502.448
2.44 505.458
2.45 1041.57
2.46 230.059
2.47 1371.48
2.48 479.761
2.49 106.012
2.5 226.804
2.51 573.692
2.52 957.239
2.53 1050.34
2.54 675.421
2.55 823.485
2.56 438.397
2.57 67.5477
2.58 763.371
2.59 401.935
2.6 253.466
2.61 1484.44
2.62 174.748
2.63 2552.96
2.64 179.502
2.65 3429.02
2.66 554.707
2.67 248.398
2.68 189.376
2.69 1154.33
2.7 1151.09
2.71 1010.11
2.72 321.196
2.73 215.779
2.74 732.036
2.75 567.773
2.76 450.972
2.77 1075.63
2.78 757.753
2.79 1279.04
2.8 476.087
2.81 747.746
2.82 224.243
2.83 1211.12
2.84 184.946
2.85 530.065
2.86 851.843
2.87 1947.14
2.88 217.985
2.89 582.221
2.9 3517.07
2.91 718.612
2.92 1968.91
2.93 1036.68
2.94 1813.37
2.95 2770.82
2.96 1704.94
2.97 174.301
2.98 270.674
2.99 1052.81
3 1941.19
3.01 267.064
3.02 1626.91
3.03 1058.01
3.04 3834.79
3.05 777.726
3.06 736.697
3.07 648.649
3.08 462.292
3.09 1624.58
3.1 768.093
3.11 632.535
3.12 401.597
3.13 962.46
3.14 294.797
3.15 2939.12
3.16 1975.04
3.17 1396.83
3.18 2034.94
3.19 962.35
3.2 1293.56
3.21 464.683
3.22 1504.18
3.23 2864.4
3.24 1429.2
3.25 291.226
3.26 3855.12
3.27 2657.53
3.28 3192.36
3.29 2073.7
3.3 1133.28
3.31 324.484
3.32 2025.32
3.33 2965.78
3.34 313.997
3.35 1257.28
3.36 432.837
3.37 2823.2
3.38 2562
3.39 3623.72
3.4 1332.55
3.41 459.73
3.42 3461.6
3.43 2208.01
3.44 2552.33
3.45 920.713
3.46 246.451
3.47 5254.09
3.48 5095.9
3.49 2936.06
3.5 951.858
3.51 2764.73
3.52 5949.49
3.53 1787.12
3.54 3772.67
3.55 2592.96
3.56 4742.88
3.57 2160.07
3.58 937.91
3.59 2503.4
3.6 3108.66
3.61 4218.89
3.62 4408.6
3.63 2807.72
3.64 3318.52
3.65 922.957
3.66 1842.09
3.67 1531.31
3.68 1577.94
3.69 5208.12
3.7 2383.78
3.71 3512.35
3.72 4169.22
3.73 4168.08
3.74 4557.24
3.75 3174.58
3.76 4552.28
3.77 2468.65
3.78 1467.12
3.79 2566.79
3.8 3635.45
3.81 3436.41
3.82 1340.13
3.83 3608.49
3.84 1629.09
3.85 3572.13
3.86 3604.42
3.87 3102.57
3.88 3371.19
3.89 3454.11
3.9 593.938
3.91 2168.32
3.92 839.667
3.93 3729.42
3.94 5485.2
3.95 2970.48
3.96 5963.5
3.97 8899.61
3.98 3186.77
3.99 7923.21
4 4739.07
4.01 10826.9
4.02 4824
4.03 5980.87
4.04 3510.88
4.05 4886
4.06 6414.94
4.07 6975.36
4.08 1900.91
4.09 1507.07
4.1 8701.68
4.11 2241.08
4.12 4424.56
4.13 6445.2
4.14 6226.14
4.15 6641.96
4.16 2161.28
4.17 6934.27
4.18 3633.91
4.19 8190.75
4.2 4984.22
4.21 3224.01
4.22 5198.01
4.23 15599.3
4.24 3387.13
4.25 4919.35
4.26 2881.4
4.27 3907.95
4.28 10255.4
4.29 7634.74
4.3 2679.28
4.31 8702.33
4.32 2842.28
4.33 7261.4
4.34 3786.43
4.35 8134.12
4.36 8936.59
4.37 2723.71
4.38 4348.03
4.39 3175.06
4.4 8560.29
4.41 7535.52
4.42 3749.69
4.43 2635.02
4.44 6626.57
4.45 11794.4
4.46 3159.65
4.47 6144.75
4.48 10236.9
4.49 6349.42
4.5 11150.9
4.51 3313.39
4.52 6086.73
4.53 5015.22
4.54 6525.25
4.55 6443.68
4.56 3885.28
4.57 4182.05
4.58 6986.98
4.59 6186.26
4.6 21432
4.61 6723.79
4.62 6064.82
4.63 3991.61
4.64 16496.5
4.65 13206.5
4.66 12741.1
4.67 7062.13
4.68 9782.23
4.69 5217.57
4.7 19893.8
4.71 5650.28
4.72 11223.1
4.73 13349.3
4.74 20043.8
4.75 14236.2
4.76 3429.83
4.77 6413.41
4.78 9023.38
4.79 7636.8
4.8 17144.4
4.81 25101.3
4.82 6661.05
4.83 11161.5
4.84 6022.01
4.85 16633.2
4.86 3915.84
4.87 16612.8
4.88 21530.4
4.89 13332.7
4.9 11729.8
4.91 4722.02
4.92 11749.7
4.93 18395.1
4.94 9734.71
4.95 7680
4.96 10143.6
4.97 10220.1
4.98 12487
4.99 7226.81
5 8375.48
