opening file:b.txt

A: 
[       -19          6          0          0          0          0          0          1 ]
[        33        -61         22          0          0          0          6          0 ]
[         0         20        -41         15          0          6          0          0 ]
[         0          0          5         -9          4          0          0          0 ]
[         0          0          0          6        -11          5          0          0 ]
[         0          0         21          0         45        -96         30          0 ]
[         0         56          0          0          0         88       -221         77 ]
[         6          0          0          0          0          0          9        -23 ]
b:
[     -1200 ]
[         0 ]
[         0 ]
[         0 ]
[         0 ]
[         0 ]
[         0 ]
[         0 ]

GaussianElimination in 11.0146 milliseconds 
 with x = 
[   94.1875 ]
[   89.3788 ]
[   86.5246 ]
[   85.0024 ]
[   83.0997 ]
[   80.8164 ]
[   73.3956 ]
[   53.2907 ]

LUDecomposition in 10.9387 milliseconds 
 with x = 
[   94.1875 ]
[   89.3788 ]
[   86.5246 ]
[   85.0024 ]
[   83.0997 ]
[   80.8164 ]
[   73.3956 ]
[   53.2907 ]

JacobiIterative in 168.711 milliseconds 
2norm = 5.06952e-11
iterations = 440
x = 
[   94.1875 ]
[   89.3788 ]
[   86.5246 ]
[   85.0024 ]
[   83.0997 ]
[   80.8164 ]
[   73.3956 ]
[   53.2907 ]

GaussSeidel in 9.48732 milliseconds 
2norm = 0.000193671
iterations = 96
x = 
[   94.1875 ]
[   89.3787 ]
[   86.5246 ]
[   85.0024 ]
[   83.0996 ]
[   80.8163 ]
[   73.3956 ]
[   53.2907 ]

SOR in 13.4404 milliseconds 
2norm = 1.68912e-12
x = 
[   94.1875 ]
[   89.3788 ]
[   86.5246 ]
[   85.0024 ]
[   83.0997 ]
[   80.8164 ]
[   73.3956 ]
[   53.2907 ]

